$ 1 5.0E-6 1.5642631884188172 54 5.0 50
r 272 144 384 144 0 20000.0
s 128 144 256 144 0 0 false
162 400 144 496 144 1 1.0 1.0 1.0 1.0
w 112 192 112 144 1
w 112 288 112 320 0
w 112 144 128 144 0
w 272 144 256 144 0
w 384 144 400 144 0
w 496 144 512 144 0
w 560 144 560 320 0
w 112 320 512 320 0
162 512 176 400 176 1 1.0 1.0 1.0 1.0
w 400 176 400 144 0
w 512 176 512 144 0
w 512 320 560 320 0
w 512 144 560 144 0
v 112 288 112 192 0 1 50.0 230.0 0.0 0.0 0.5
x 45 192 87 198 0 24 Live
x 22 300 100 306 0 24 Neutral
o 16 64 0 290 320.0 0.00625 0 -1
o 16 64 0 289 160.0 0.025 1 -1
