$ 1 5.0E-6 4.621633621589249 50 5.0 50
v 48 208 48 144 0 1 50.0 240.0 0.0 0.0 0.5
w 48 144 48 80 1
w 48 208 48 288 0
w 48 80 240 80 0
r 48 288 160 288 0 20000.0
w 240 80 336 80 0
s 96 368 160 368 0 1 false
w 48 288 48 368 0
w 48 368 96 368 0
w 240 288 240 368 0
w 240 368 160 368 0
s 160 288 224 288 0 1 false
w 240 288 224 288 0
w 336 80 448 80 0
x 64 266 223 269 0 14 Trip-10mA-RCCB-only
r 240 240 304 240 0 62000.0
r 368 128 432 128 0 1.0E-4
w 240 240 240 288 0
s 304 240 368 240 0 1 false
r 368 176 432 176 0 16000.0
s 304 208 368 208 0 1 false
w 240 208 304 208 0
s 432 176 496 176 0 1 false
w 368 224 368 240 0
w 448 80 528 80 0
s 432 128 496 128 0 1 false
w 240 240 240 208 0
w 368 128 368 176 0
w 368 176 368 208 0
w 368 208 368 224 0
w 528 80 528 128 0
w 528 128 528 176 0
w 528 176 496 176 0
w 528 128 496 128 0
x 427 67 484 72 0 20 Loads
x 251 269 435 272 0 12 Anti-trip earth leakage detector
x 193 193 344 196 0 12 No earth leakage detector
x 434 108 504 111 0 12 Short-circuit
x 393 200 611 203 0 12 Min Ω to trigger 30mA onsite breaker
x 71 395 191 399 0 15 No 10mA tripper
x 395 222 512 225 0 12 240/0.015 = 16kΩ
o 0 64 0 290 320.0 9.765625E-5 0 -1
